9
group 2 1514 835
group 3 978 646
triangle 210 214 0 0 978 646 70 60.6218 #aa5500
ellipse 155 307 0 0 978 646 80 45 #aa5500
square 85 242 0 0 978 646 70 #aa5500
group 2 978 646
rectangle 453 316 0 0 978 646 80 55 #aaff00
circle 449 219 0 0 978 646 70 #aaff00
triangle 390 99 0 0 716 646 50 43.3013 #99ffcc
triangle 582 114 0 0 716 646 50 43.3013 #99ffcc
triangle 613 204 0 0 716 646 50 43.3013 #99ffcc
ellipse 188 492 0 0 716 646 70 35 #99ffcc
ellipse 300 491 0 0 716 646 70 35 #99ffcc
ellipse 390 474 0 0 716 646 70 35 #99ffcc
circle 174 96 0 0 716 646 50 #99ffcc
circle 245 82 0 0 716 646 50 #99ffcc
